15
2006.71  56 00111000110111110010101000011001011110111010011001011110
2578.86  56 00101100011010101000111010010010101110111000010001011110
1715.04  56 10011100001110101110110011101100110000110110001000001001
1831.23  56 10000011001101110001010010111011001010010001110011110101
3220.68  56 00000110110010101001010101010001010001000010110000010001
1736.21  56 00111101100101111010000100110101010110100000110010111011
1300.44  56 10000000101110000110000100111101000011110010101101010111
3110.4  56 01111110110010100011111100000000110011000110100000100011
1684.25  56 00111101101011011110110101101100100000110001011001001001
1740.75  56 01010011101011101110001000011101100110101111111100010110
1991.21  56 10011000111101000101000101111001001110101010000010100001
1723.82  56 01011101000000011001100010010110100111000110110101010010
2675.23  56 00000110100111010100111010100100001110010111010111011011
1711.14  56 11011010001100010111000001110010100010011110111101010101
3576.35  56 01101011101000001100101001010001111101110100010011001001
