15
2155.43  56 11000111001110111111100001000001011110011010000110110111
3036.17  56 11101101001011111001110010001101001110100100000011010101
2697.54  56 11111011011100110100010111011100110111110000101001100100
3420.66  56 11110001010010110010011001011000010011000011001110000100
1824.58  56 01111001010110100010001110100111011001010001010001111001
2406.37  56 10010100110000010010011101110110100001011001100001111100
1647.36  56 11001101010010100101010010101100111001000001101111001011
1663.41  56 00111001000101110101101001110001100010001010110001011111
1719.97  56 00001010000001100100100011110101000000010011100101000010
3259.69  56 10000100111101001001110101010110101100010000111011001010
1703.37  56 11001000100011110111110111001000110101111000111011010110
2125.68  56 00101011110011011111101011010001011001001010011100110001
1972.15  56 10111111100000011000110101100011010001110100110110011101
2527.98  56 01010010110010001110111101110001101100000100110100101101
1396.98  56 01000001010011011100001111100111111010100101110111011100
