15
2174.02  56 10001011000100011110001011110111011101001000000001111111
2184.97  56 11101100110000111101000001111000110011111110010101101100
1752.58  56 01110101011110111111000010110011101110010011001001101010
1955.54  56 11110110100101010110100000110100000111101011010001011111
1700.43  56 10011111101001110010011110101001011001110110010001110101
2504.45  56 11001000001110011000101101110001101000001011101011111100
2573.2  56 11001111110001010100110011010001000011011111101011100101
2113.48  56 00001000010111110011111011010011111000010111010001000000
2145.37  56 01110010001000011100000110101110100010011110101111001100
2423.31  56 10111011001101111010101100110001011111011110010001000101
1930.43  56 00111010010101010110111011111010101010100001100100010000
1715.58  56 00000011111101000111111111111001100000110010010100010000
1783.53  56 01110110110100000111110111101111000111010010110011111010
1710.36  56 10111110001001011101101011011010010100001100111110010101
2622.5  56 10101011101111100111010000100011110010011011000001110001
