15
2981.41  56 01111010001010010110110110110001011101011011011111011000
1627.43  56 11010010001001001110111010000001010010001000101110100101
2162.04  56 10001000010100101010110101111110111001001011010101111100
1381.91  56 10110111101100010010010110111011011100001001011111000001
1552.73  56 11011111111100110000100100111110010000010110010001101010
1708.03  56 00111110101010111010011110111101100011100001010100101011
1566.74  56 01000100101001011010000110010111111101011000110100110011
3356.2  56 11010111011000001000100011110011110100001100111011111111
2719.38  56 01000000011110110111010100000100011001000011001001110110
1935.6  56 00000000100110100001001010101110101101110100101000011011
2963.53  56 01111011110101101111001100100001100000111111111110111001
1817.24  56 10011111011111010111111110011110011001010000100110110011
1552.38  56 11010000010011111110010001011110010100000111011001111011
1889.25  56 11000001101100001011101000101110011001000001111110001100
3014.45  56 00011011001010110000000011000001111111000111000110001101
