100
1.25  42 001000000010101010011101101111011000110011
1.25  42 000011111000100011010111011101001000110110
1.25  42 111001110010111001000111011101011100110001
1.25  42 110101000001110110011001010101111111100100
1.25  42 111010110101010011111011011100000011101010
1.25  42 001111101100001001000101000100000100010101
1.25  42 101111001101101010000000001101011001100001
1.25  42 111010101000100110101011110001111000100110
1.25  42 100011111000001100100000010011001101010001
1.25  42 010111000011111111010111000100110001001001
1.25  42 001101101000111000001100000111000111000011
1.25  42 011001110010010011000111101010100000001011
1.25  42 001011110000111101111110100110000010101101
1.25  42 110000011100000101010110100010111010000001
1.25  42 100100111010001011010001111011100001010100
1.25  42 100001110100100111100111111010010001001000
1.25  42 110000101100111111111100101000100000101011
1.25  42 101101110101010010000001111000100101010011
1.25  42 101001001011100110000101000001001101101100
1.25  42 001000100111110011110000010011000110001010
1.25  42 011011110010101001000001001010000101101111
1.25  42 001011010110111010101110101001111100100011
1.25  42 111110110110110101000110011001111111110101
1.25  42 101100001101011100110101010010100100101110
1.25  42 001111110000000011111010001001111100110000
1.25  42 111011000100011101001100101011110011100100
1.25  42 100010001001111001010000111101010001101000
1.25  42 010110110001111101010111010001111111100110
1.25  42 101011001010001001011100100001101100000100
1.25  42 100111001111000001101110000110100011100010
1.25  42 100001011110110001000100000010111011101010
1.25  42 000110011100100101000110000101111010010110
1.25  42 100101000010111100100101111110110110000100
1.25  42 110010101001100000111110010011100000100001
1.25  42 001100000001101011101011101001011100111111
1.25  42 000111101110010000001101010010101100011101
1.25  42 100001000111100100011000100110011000011111
1.25  42 100100101110010111011001011111001001000010
1.25  42 000010101100011111100001000000111000000000
1.25  42 001011100100010011011010110111100011010100
1.25  42 001011011110100010011100111111011101101110
1.25  42 010000110010000000101110111000100001100010
1.25  42 100111011001100000110111000100000100000101
1.25  42 000100011111101000100001101000011001101110
1.25  42 001110111111001001100010000011110110111111
1.25  42 000111110100110001010010100101011011110101
1.25  42 110110001001001110100010111110111010110011
1.25  42 101101100001001010011101010001001110111100
1.25  42 111001110000011110111000100110000100001011
1.25  42 110000100000000111111101111001100111111101
1.25  42 101011000001110000100100111001010001011001
1.25  42 101000100101010000010111010101111011011101
1.25  42 111001101100111110001100100110110000110000
1.25  42 110101000011100101101111110110011000001111
1.25  42 111101001111000110111110010001000100111101
1.25  42 101111001111111100110110110011111011111000
1.25  42 110011011001110101101100011111100110101001
1.25  42 001110110101111100100000001000001000000010
1.25  42 001001011101100000111000101101100001100000
1.25  42 001010111110010011111100111011000100011111
1.25  42 010101101001100111000111100110001111010010
1.25  42 001110100000000111101110111101100001000110
1.25  42 011000101010000010001010110000110001001110
1.25  42 011100111001000011010000110101110110001100
1.25  42 011111110100011101100000010000100010100001
1.25  42 001100011100010110111100001101101110011010
1.25  42 100101001000011110001100000110110101001010
1.25  42 110010101011101101010011101000010110101011
1.25  42 000110110011100101111101001101000111101111
1.25  42 100001111000000111000010001111101110010011
1.25  42 101101100011010001110100011101110100110111
1.25  42 111111011110011111111011100010100011111001
1.25  42 010100110101101010000000110000011000101011
1.25  42 100100111001001011011010011010010010101100
1.25  42 001001111001100011011111001000011000110111
1.25  42 111001100010011001111011100001000001111011
1.25  42 011100001000001010111100111111101100101000
1.25  42 101000000100110011111000010110111010111111
1.25  42 111000100011011000111100011000001110001100
1.25  42 101101001001110110010010110001000110000001
1.25  42 001011001010001110101011000011111010000111
1.25  42 111000100101110011101001101110100111101010
1.25  42 101110101001001011111001110011100001011010
1.25  42 111001100001011000011100111000111111010110
1.25  42 111011001110010010101001000000000100011010
1.25  42 001101101101000110100101011011100001101001
1.25  42 010110101101111101010100010110100110101110
1.25  42 001110101111000101001100010111000011110111
1.25  42 110101011011010001000101110100101001010001
1.25  42 111110001111100111100110010011011110001010
1.25  42 110001101110101000110100011101000111000101
1.25  42 000011001111001001101011101010001011000001
1.25  42 011110011011001000100011101000001111111111
1.25  42 000010011111001100110001001001110100110001
1.25  42 111111000110110111111111111101110100101110
1.25  42 111011110001001011100000111100010100110011
1.25  42 111101001110011011000010110010010000111100
1.25  42 110111001100010001111100011101011000010100
1.25  42 001001001010100011011001110101111111011001
1.25  42 000000010111010010000100000111110100010000
