25
3437.7  56 11010111000001010011001100001010110001111110010111111101
5621.42  56 01100111101110011101011001100110001101010110110100110101
4688.81  56 00100110001100101010011011101111101111101010101101000001
4458.88  56 01001111110100011011100000010100001010101011111010111101
5691.12  56 11011001000000100110011001000100100001000100100001111100
3618.15  56 00010111100100101010000001110101101000100101111110111110
4235.76  56 00111101111011110100101000111001010110110011001001011101
5031.17  56 11100111011001010001111111101000000110110011011001101100
5148.68  56 00111100000111011001011000010011101100110000011100010011
4635.64  56 11101001101111011010000001001100000111100011100110011001
11500.6  56 01111101010011011110011010000010000100000111111100010110
4949.36  56 10100010100101101110111111000100001000000100001110100000
4137.26  56 01001010111000110111110010010101011000000110110111101111
5333.56  56 10110101000001101100111100101001010110000000000110110110
4573.49  56 01101001100110100010100001010011010001011001010001110010
5032.87  56 00111110000100101000000001010011010101111110000110010101
5338.09  56 00111111000110100001001000010010111100000010110000111010
3320.95  56 10110000001100111100110000110110111011000010000011000011
4089.14  56 00000000101001001101011000011110110101100010111101100111
5665.11  56 01110000111111010000000101010101101100000100010000000001
6198.55  56 00011101100010000010011010011000111111111010100010111111
4902.73  56 00110011000011011101011101010111110110111011101101011111
4441.95  56 11011101011010100001011100011100101110000101010011100110
8430.15  56 00101011010011010100100000000010001101001100111101000101
5285.49  56 10001110001001101011100110000010100010111111011110101001
