25
5394.55  56 01001011101100011011110000011110110111010100110001111010
2656.85  56 10110100000100100001000010111111100100101110110111110010
4247.41  56 11000100011010111010100100010100010100001101111101110111
4807.97  56 01000001011100001101101000011101110001110110011111010111
4421.31  56 01001110010101000011001110101010000000011011110010110010
5281.2  56 11001011100011001001000011011110000100010010100101001100
5660.5  56 11111111110111101001111001000011110100011101001110010001
8679.66  56 01111100111100101111011001010001101110010010001110110000
3531.06  56 01101110001001011111001010001011010101010101100111010100
3247.84  56 11110111001010111100100011011100011010010111101000100101
24365  56 00001000011001010111011001001001110010100110000100000000
6617.22  56 10100011101010110000101100110010000110011111111111100110
5937.88  56 10000010011011111001011110110101000111100111110101001010
4512.13  56 00101100111100001100001011111110101010001100111001010101
4621.17  56 11101001000100010110100010001001011000011111000011010110
9713.06  56 01111000001100110010011000100010100110110110111100010010
7201.77  56 11111011000011001011011001110001110010010001000111000101
4627.84  56 11110111010101101011001101000110101101000111101110101010
6149.56  56 01101111010000000111000110010100110111011011101001100111
5875.41  56 01011001110110100101111111101001100110001110000000010011
4193.25  56 01101100110011100101100000101111101100000000000100101001
9145.75  56 10010111110100010111110101110100010000000001011100000010
26502.7  56 01110011000000100000000111000000000010110001100010110010
9170.08  56 10011110101101000111111000000001010111001010100001111110
8289.48  56 10000001000000110111100011010000110110111111001101110001
