25
4616.06  56 01010010101110111010011110100111000001010111101110101111
4719.8  56 01000011001011000100011101111110010101110101101110010101
3442.3  56 00101010010110100010001101111000010010000110000011111100
4128.38  56 10000111000001111101100000111010011010010010010000010000
4779.94  56 01011111010001111001001000000110011110011100100000011010
4491.45  56 01111000011110001011010011010010110000001010000011001101
3465.67  56 01100010011110100011100000000101100001111001111111111011
4944.77  56 00110010001100010011111101000011001011000101000100111011
3015.3  56 10001010010011110010010100001110111101100000100000001001
6260.76  56 00011010000110011101011010100100011101011111101000101101
4471.06  56 10010110100001101111011011000110010000101101100111101000
4448.47  56 11001100001101101101000100011001010011011101110011101010
4303.26  56 10001110010001100010101001101101000111001011010100110100
3782.18  56 00111100100001100001001111101101100111001101100001101001
8016.47  56 10110001100101000100011001011111010110110111010100000101
5393.87  56 01110100010100100000000011000010110111010101111101000010
5620.28  56 00111001001111100001111110010011111011010100011011101000
4781.46  56 01100010011111010100011011000100100000100001011001110010
6668.27  56 10110010011001010001001101110101110111110001101100001011
4514.99  56 11001010111100001001110010101011001000100000010000001110
3869.04  56 10001001001111111011100110011011101100000010111001110011
8548.7  56 00011001010000110000111110010001100001101100100001111101
6575.23  56 10010000001110110001110101100110101111010101100010010000
4854.34  56 11001001111101110100100110011111000010110000101000111001
7654.47  56 10011001111001000100001000011010001110100100011111000101
