25
3293.26  56 01100011000010101111101110110110110000010010101011000011
4337.41  56 01101011100001001110111111011111100011001111100101100000
10667.8  56 11011010100100010010111110010001001111101110110101000011
5127.84  56 10000101101101000010100100100101010001100111001110111100
10458.9  56 11111101111101100001010101100000011000001110111001100111
4517.34  56 01000010100100010001011110111111010111111000100111100111
4262.34  56 00100111001000101111100001111000101110011010011101010110
7407.86  56 11010000111000100000111100110010000100000011111110101111
5540.38  56 10101010001100000010011011100011110001111101100101111000
24240.8  56 00110101000110010110010011110000000101011001100100001100
6174.72  56 00010110000011110100000010111100000111000111101000001001
34361.6  56 10100110001011000000001110001010101100010101100010000000
3882.73  56 11110100011000111110010111101110110011001101110111110101
4504.48  56 11000010110011001101010111101110100001110011110010010101
4674.25  56 00100001010110110110010001110110101100000010111001101000
6014  56 11000110101101100000001111010010101000001010111010010101
20329.3  56 00011100111000000111011010000000000001001110111000101111
4024.11  56 01101110011100010111001001011001001101000001010110010100
4005.53  56 01101110101111010001100000111001010011001010100111100111
4489.96  56 11101010001100001100000110101101000110010100110001110011
6254.72  56 01100101000010000001011011110110011010010110010011111000
6994.61  56 01010101111010101101010010000001101101011001100111011011
6863.85  56 00110101000110001101010101001001010100101110110110001111
6311.41  56 10010001111101111100110100100100101011111011100010101111
4211.72  56 00101000101001100100101100111101101101110001010010001101
