14
1703.05  56 10011010011001111111011000101111000111101000101000100011
1766.56  56 10111110001100100000010111011010011001100000000011001101
2938.37  56 00101100101110011011110110110110110001100111001100001110
2383.5  56 11010011010010110101011011110001011000100000001001000110
2574.05  56 01101111011001110011001111100010110111101001010001011101
1964.67  56 11111101011011111111110100110010010001010110101001110111
1924.75  56 00100010101110110101110010111001100111000111111010100110
1625.08  56 01010010010001010101101001011011110110000110100111101000
1525.45  56 00001111010010110001100111101011011010000101110001111010
2451.17  56 01111000100100110000010001110001011101100110100011100100
3334.16  56 01111101001101110100111011010001100000011011011000001111
2242.35  56 10011100001010011110100001001110010111000110101101010100
1452.69  56 10000100011111101001111001111011010001101011001100111001
1881.44  56 01101000110111001101010101000111100001100101101110110100
