14
1835.84  56 00000101101100110101100001001010110111111100100111111001
2395.82  56 11100010011010100111101100100001111010100100110010001001
1654.29  56 10100011010110100100111010011101011110101000110101011011
1481.57  56 00101010111100100100000110101110110001000010101000110111
2543.05  56 11001000101100110010001100000011100011000110100110110011
1488.02  56 01100011110000100000101000001101011010101110111111011011
1911.01  56 10000101011111011000010000110110001001000110110100011100
1900.22  56 11000110100101010000110101101000101001101100000011001101
3038.42  56 10100100111011000001101101000001100110101111101010101111
2386.7  56 10001011111000011101111011101010101111111110100110011111
4436.85  56 10100011010110001011100111100000010100101010101000101011
1462.11  56 00101011110001011011000010100111101000100011101010011101
1833.78  56 00100101001101010110010100111110111010100001000100001101
3209.92  56 10010111001001000101010101101101100100011100010011001110
