14
3011.24  56 00111110001000000000010100101011100001001001100001000100
1804.06  56 11011111001100000111000111101010001010010011001000110010
2425.79  56 11010000000111001000110011100111111100011001000010010101
1922.29  56 01101010011100000110000001101110000111011011011000100100
2187.85  56 00011001110101110011011010000110011111101101100010010111
1732.2  56 00010101011000010110010101110110011111011100100110011000
1834.01  56 10111111011000000010110010101111001101011111101001110011
2141.95  56 10110000101101011000110100100100000111000110101010110110
2732.01  56 10000011011000010100111001010100010001011001000110111000
2213.59  56 11101010100011010110101111000001110100000000100100001111
1247.75  56 11111110110011111111001000101101100001011110010101011100
2171.85  56 10100001111101001010110010100101100111110101100110010001
2116.64  56 10101011110111000001101110100101110110101001011011001001
1294.64  56 11000000101010001111000111001010101000011101010000110011
