14
2886.59  56 10101000011001001111010101110111010010001110000101100101
1437.9  56 01011000110111011011001100001011101110001001001100100100
2109.84  56 11110101101010111111000000001000100101010110001000001001
2825.51  56 10010111101011110100011000010101101110000100101001100110
3194.83  56 01101001101100110011111011111101111000110000001011011110
1518.88  56 00100011110110101101111000011110010110000101111101000100
2370.7  56 11111101111100110100110100000010001100111111100101101011
1876.04  56 01001110111000100001001110101100011111101001000100001101
3313.2  56 10101111111010100101001110100000101001110011101111010000
1861.9  56 00110100111101101110101111011000110100001010001010101100
2490.32  56 11010000111101000100010101000100001001110001110000101111
2496.2  56 00101111010110100000011110111010011010110011100110100001
3034.7  56 10001101011100011101100001110001111010100111100110001000
2967.88  56 00101001100111000001110000101101111000101100001110110000
