25
25567.4  56 11100101011010000111010110100000011010110101110110110110
17421.5  56 00101111010010110100010101101111110011010101100101101010
20337.2  56 01100011000111011101000101111111110011000000111100111010
22234.7  56 01000110010100000110001001001010000100000000100111011111
19525.4  56 00111111110010111101100010110100110011110110001011000011
20739.9  56 11101110001101010010000100011000101010010000001110110100
19651.9  56 11001110100010100000100001100111101011001101000001101011
26207  56 11110100100010001000000010100101100110010000010000000011
23267  56 11010100111010011100110101100011100101110110111111011100
22936.4  56 01001110100111100011000000111000010111111000110010011100
34166.4  56 10100101001010001100101011100011010111011010110010000000
26225.7  56 11110001111001001111110100110111010110000010101100010100
20264.8  56 00001001001100111110011001010010011001111011100000100001
19348.7  56 01110101010100011011111100011001111110010011000001101000
23970.6  56 11011111110101001011110001110000110000110000011111001001
16634.1  56 01100011011000111100111101001101001001010001110001111000
23199.9  56 11111001110011010111001001100001111010101101001110110000
19845.4  56 10001010111000101101001110010111001011110110101010111001
28631.8  56 00001011000001110101001000110111011101111001001000000000
28899.2  56 11010100101001010011000010100001010111011000101001001110
18339.9  56 01111110110010010101100101011110110001000010010000101000
22943.9  56 01011110011000110011101100000110100010110100010101011011
18582.8  56 01100010101100011000011101101001011001111001101111000001
22108.8  56 10011010100101010101011000001101001110010001100110100001
20469.1  56 01001011011010100101010101010111100110001011001011101111
