25
22262.3  56 00110101010110111110010100010010001011111110100111011001
22588.9  56 00010001100110011000110111010110101010000111111100100001
22253.7  56 01111011001010101000001000101000011110110011111000100010
20955  56 01101111101011100111100000011111001101010110001100110001
15947.5  56 01110100010110101010100001101010001001111001000010010001
23381.4  56 11011101111011001011000010011010000001111110111100011001
20462.1  56 01010011101111100010111101100111110101111101001111010010
21546.1  56 11110111100110111011010001011000001100000101010111011001
22156.7  56 00010101100101101010111010110111111101011001011110011011
20563.1  56 11010010111110001101010011011001001011000101011101010000
18135.9  56 00010001001010101100011010001010101111100010010010111000
16597.3  56 01001110011001110001100011100110011001101110001110100101
23257.9  56 00001010100111110011111000100000100001010010000000110011
20333.8  56 11100100110101111110010000110110111100000101100111011111
21498.7  56 01111110100011001011000110110001110000001110100010011101
21138.7  56 01001111100111001011010111110111110001101011010110011001
21943.4  56 00101011001010001110111101100100110101111110000001110010
21975.7  56 11100110001011000110110000101011010101010101000000111001
19742.3  56 10001011100110110110010111010100001010100001110100100011
21610.7  56 00011010001100101000101101110111101011001000010010111111
19506.6  56 01001011001111111011000000111110001101101110101011011001
29109.2  56 10000100110010000011100001101010100111001001100010000011
18912.2  56 00110001000100001100010010110111101000111110010101110001
22879.3  56 00011110111110111001010010001111010110111000001000111000
20945  56 01000110100000001100010101110111111101111011110111011001
