25
24517.8  56 00100101000000010111000011010000011011110110000010010000
19476.8  56 00010001011000100100100100110110010010001000010000011100
23919.5  56 00110011000011100001111101100001110101011110011110011101
23789.6  56 11111001001000101110010010100001001000010001100001100001
18149  56 11011110000110111000101111011100100000000110101110100101
26944.6  56 10101000010111101110110011110011001100000100001001110010
33902.4  56 11001101000011101101000001010000001100101100101011101001
23351.7  56 10011110011010001110111101100011100001001000100001101110
26407.1  56 00001011101011001011100011100011110101111100001000100011
17903.5  56 00000000001010000001110100111011100001100000110111111100
22031.1  56 00011100100111001000100110110110001000011111111110110111
21832.3  56 10100101011011011111011001100110000011001101110111110000
21553.9  56 01011001101001100011111101000110110110100010000001111110
23577.3  56 01111101110111000111100011110001010001101101100111111000
19400.6  56 11111110101111100010000100011110111100011001100000100111
21796.9  56 00100101100011101100010100101111000011110100000011100100
23461.5  56 11101001110111001101110110011101100110111111011110011001
21527.4  56 00111010000110110111111111111111100000000010001100000010
16625.7  56 01011110011100101001110101001010100001111011011101010011
20123  56 10110000010111010000001000101000110000101100010111010100
21497.2  56 10001011010111110111100100011011011111111000110110001010
24410.4  56 11011100010100001011110101101001011100100100100100000011
21226.3  56 10011110100111101011011010000011110000101000011100111000
30021.4  56 10100101110011000000111111101010110111101011011110001001
20199.6  56 00111110000111011101101000111010111001000000001111011100
