25
22582.7  56 11001001001111110100011000000001010010000100100011001000
26131.7  56 01001001111101111101101100100000001000011000001111101110
21921.2  56 01000000010010101111000100010110001101011101000111100110
22540.9  56 01011101010010101111101101000111100110100100101011011111
20071.3  56 11111100111111011100110100110111010011110010000110011101
18415.6  56 10111000001010110011100101011101101110111110010100001010
18423.1  56 01000100100001001111001001011001101101101110110111101010
20325.8  56 00001010110100101000101111100111101101100110001111000011
26284  56 01110111001011110101000001010001001011100000111010011001
19495.2  56 00110100111111010010110000101001101000111000110101000100
17657.5  56 01011011011011110100000011011000111000100001000000011000
21041.8  56 00110000010010111100101110101010110111010000000110100011
16701.1  56 11001010011001110100100001010110111000000100111010111100
19517.1  56 11101101000111011110011110010111101101001001100001001000
22907.7  56 01100111101110111111101011001000111110110100111011001110
22752.7  56 00110100110110011001000000100111011010101100001111010001
21883.9  56 10001001000010000111101001101010100111010001111001000110
22553.7  56 00111011010100001010011010000101101111001100010100011101
24519  56 10100100100110010010010101010000110111101010100100110000
21030.2  56 11001001010101000101000101111111010001010010001111111111
29084.3  56 00100010001101111110111101100001110001100000000001000011
18801.9  56 11111100100101010110001011110101101001111011011001101001
17606.8  56 10100110100001100101110101011111101101101010010100101110
27201.6  56 01101001110001000001100000010110011110000000000110011010
23041.9  56 11110001110000000010111000111011000010111101111110010010
